i c_Id mStart mEnd aDD aDA TDM calYMS calYME gname
52 27002 21 27 3.53007 0.14196 202.54718 1767 1768 G1
250 112001 101 112 5.78274 0.25935 839.0834 1774 1775 G1
270 118004 111 118 4.47059 0.05236 76.62181 1775 1775 G1
372 159001 155 159 4.1125 0.05181 47.00558 1778 1779 G1
405 165005 158 165 3.00363 0.1221 228.07473 1779 1779 G1
500 196002 172 196 5.41997 0.12906 773.05693 1780 1782 G1
554 220002 209 220 5.77149 0.24446 707.64944 1783 1784 G1
659 268001 263 268 4.09712 0.07474 94.10941 1787 1788 G1
691 281001 272 281 4.91483 0.33398 911.60162 1788 1789 G1
853 338004 331 338 4.25287 0.09104 149.12774 1793 1794 G1
872 341006 331 341 3.08669 0.14273 350.76382 1793 1794 G1
1232 461001 452 461 5.55882 0.05953 153.25186 1803 1804 G1
1298 484001 479 484 3.50543 0.08465 82.47313 1805 1806 G1
1334 497001 490 497 4.41446 0.09016 152.86647 1806 1807 G1
1442 550002 543 550 3.20234 0.18848 365.23829 1811 1811 G1
1520 581001 574 581 6.03352 0.1063 202.79418 1813 1814 G1
1540 590002 583 590 4.44745 0.07288 135.86552 1814 1815 G1
1573 603002 599 603 3.07718 0.14756 182.62338 1815 1816 G1
1663 638002 630 638 3.76764 0.15179 334.57617 1818 1819 G2
1722 653001 647 653 4.3694 0.06586 104.89933 1819 1820 G2
1795 691003 674 691 5.39951 0.19451 905.76929 1822 1823 G2
1879 718001 708 718 3.70103 0.08994 249.37936 1824 1825 G2
1922 736004 724 736 6.15028 0.26151 1012.81848 1826 1827 G2
1994 750001 743 750 4.45629 0.10285 149.30052 1827 1828 G2
2200 832001 815 832 6.05856 0.20818 955.44231 1833 1835 G2
2213 837003 832 837 4.57714 0.05256 65.31159 1835 1835 G2
2239 845005 836 845 4.28172 0.21122 452.66562 1835 1836 G2
2275 865004 858 865 5.5311 0.05689 146.0021 1837 1838 G2
2309 893001 886 893 4.53289 0.23401 422.0184 1839 1840 G2
2416 929001 917 929 3.32913 0.10385 339.75393 1842 1843 G2
2512 976001 966 976 5.90757 0.26535 919.44675 1846 1847 G2
2737 1049001 1037 1049 8.00431 0.16872 679.15047 1852 1853 G2
2757 1059005 1050 1059 3.24176 0.13937 244.02964 1853 1854 G2
2799 1077001 1061 1077 7.87464 0.12656 590.37214 1854 1855 G2
2825 1085001 1079 1085 3.16327 0.12205 168.94434 1855 1856 G2
2854 1096001 1091 1096 4.85 0.07001 93.34044 1856 1857 G2
2949 1132002 1098 1132 13.21506 0.30206 3209.75684 1857 1860 G2
2964 1143002 1135 1143 3.94 0.06032 91.30785 1860 1861 G2
2991 1157001 1146 1157 5.30648 0.1102 354.44409 1861 1862 G2
3040 1186001 1148 1186 11.09139 0.20949 2256.40378 1861 1864 G2
3129 1216003 1188 1216 8.57381 0.17425 1328.95385 1864 1867 G2
3134 1217001 1211 1217 4.54286 0.0626 95.17862 1866 1867 G2
3142 1221001 1216 1221 3.07634 0.05289 82.82181 1867 1867 G3
3200 1242002 1224 1242 5.92646 0.2488 1404.22021 1867 1869 G3
3232 1258004 1252 1258 3.64895 0.12745 270.93176 1870 1870 G3
3247 1265002 1255 1265 5.95888 0.1141 317.63562 1870 1871 G3
3340 1300005 1292 1300 5.60352 0.16693 359.72007 1873 1874 G3
3346 1302003 1297 1302 3.69585 0.05262 68.39304 1874 1874 G3
3381 1312001 1304 1312 3.49559 0.1734 325.38304 1874 1875 G3
3411 1325001 1314 1325 6.22933 0.22992 915.03797 1875 1876 G3
3450 1337001 1326 1337 5.54989 0.17152 574.36344 1876 1877 G3
3487 1353004 1345 1353 4.92437 0.05127 116.05491 1878 1878 G3
3570 1385001 1377 1385 6.04323 0.14064 405.98192 1880 1881 G3
3630 1417001 1399 1417 8.5 0.1321 827.5505 1882 1884 G3
3663 1430006 1424 1430 3.81992 0.05607 83.80249 1884 1885 G3
3666 1431003 1424 1431 3.851 0.06614 126.44292 1884 1885 G3
3903 1533002 1527 1533 3.791 0.14691 323.26744 1893 1893 G3
4018 1575003 1570 1575 3.63889 0.07736 110.06442 1896 1897 G3
4046 1589001 1572 1589 5.74504 0.12666 523.5801 1896 1898 G3
4088 1603004 1594 1603 5.24059 0.09862 267.03838 1898 1899 G3
4193 1637001 1626 1637 7.58409 0.30331 1330.2666 1901 1902 G3
4297 1677001 1652 1677 6.46079 0.15095 1139.00276 1903 1905 G3
4368 1694006 1686 1694 3.97021 0.08163 222.62455 1906 1907 G3
4372 1695001 1685 1695 3.53992 0.09363 289.58794 1906 1907 G3
4454 1720003 1700 1720 6.52638 0.19014 1166.95662 1907 1909 G3
4457 1721002 1713 1721 5.46111 0.086 234.47726 1908 1909 G3
4485 1731001 1724 1731 3.14237 0.09016 177.32295 1909 1910 G3
4517 1745001 1736 1745 6.78657 0.11142 344.18187 1910 1911 G3
4565 1755004 1745 1755 4.9219 0.13758 436.00501 1911 1912 G3
4676 1779001 1773 1779 3.26122 0.08988 164.21153 1913 1914 G3
4722 1793002 1781 1793 4.81585 0.12514 493.41055 1914 1915 G3
4845 1831006 1818 1831 5.1812 0.19218 792.62514 1917 1918 G4
5023 1876003 1852 1876 11.24215 0.33266 2839.48908 1920 1922 G4
5105 1900001 1891 1900 3.58503 0.12449 334.83486 1923 1924 G4
5155 1915006 1903 1915 4.74689 0.16187 642.56015 1924 1925 G4
5217 1925001 1920 1925 4.21739 0.06365 96.66396 1925 1926 G4
5282 1941005 1930 1941 4.33274 0.07989 229.63485 1926 1927 G4
5299 1948001 1940 1948 6.44322 0.07695 190.84176 1927 1928 G4
5327 1959003 1942 1959 4.21728 0.10359 470.7213 1927 1929 G4
5433 1984001 1973 1984 3.06444 0.12638 436.40912 1930 1931 G4
5528 2007004 2001 2007 3.0049 0.06895 129.81703 1932 1933 G4
5637 2026003 2015 2026 3.57597 0.16601 574.38358 1933 1934 G4
5696 2041002 2034 2041 3.56548 0.14739 308.81952 1935 1936 G4
5731 2051002 2044 2051 3.15247 0.10379 231.62741 1936 1936 G4
5786 2066001 2057 2066 3.24493 0.16378 513.02043 1937 1938 G4
5790 2066005 2061 2066 4.31217 0.05348 75.93463 1937 1938 G4
5853 2080002 2071 2080 3.63531 0.11106 289.10326 1938 1939 G4
5896 2095002 2082 2095 6.30545 0.19505 879.35079 1939 1940 G4
5963 2117001 2107 2117 6.0426 0.09646 277.13904 1941 1942 G4
6031 2137003 2120 2137 7.46586 0.24396 1277.38958 1942 1944 G4
6092 2152001 2145 2152 3.31434 0.09444 172.90693 1944 1945 G4
6159 2174002 2148 2174 8.20105 0.20461 1880.89822 1944 1947 G4
6206 2188002 2174 2188 5.66219 0.32115 1584.37962 1947 1948 G4
6301 2211006 2194 2211 6.32348 0.22918 1263.8107 1948 1950 G4
6346 2221004 2207 2221 4.86798 0.18871 914.5791 1949 1951 G4
6361 2225001 2216 2225 5.46354 0.0826 241.47138 1950 1951 G4
6426 2243002 2224 2243 7.5791 0.26124 1768.90511 1951 1952 G4
6529 2272002 2251 2272 8.06671 0.23805 1773.15411 1953 1955 G4
6587 2285001 2275 2285 6.57688 0.20361 697.64363 1955 1956 G4
6637 2297007 2287 2297 3.83644 0.12509 364.80087 1956 1957 G4
6669 2306004 2302 2306 3.12381 0.07748 107.06794 1957 1958 G4
6734 2320001 2313 2320 3.70909 0.06024 109.05682 1958 1959 G4
6825 2345001 2310 2345 8.90655 0.20221 2363.90859 1958 1961 G4
6879 2356004 2346 2356 4.27065 0.17394 518.52984 1961 1962 G4
6916 2368004 2358 2368 4.46534 0.16829 544.89252 1962 1963 G4
7007 2392001 2369 2392 6.74239 0.21081 1489.20896 1963 1965 G4
7024 2397003 2393 2397 3.84492 0.05661 81.45986 1965 1965 G4
7053 2404002 2396 2404 3.51007 0.09151 201.87847 1965 1966 G4
7149 2431003 2419 2431 4.92451 0.14422 512.06776 1967 1968 G5
7192 2441002 2432 2441 6.39308 0.08004 247.77733 1968 1969 G5
7242 2455003 2443 2455 4.13556 0.20603 782.76253 1969 1970 G5
7370 2478005 2468 2478 4.23017 0.15655 473.54033 1971 1972 G5
7512 2501001 2491 2501 5.28778 0.11772 405.13084 1973 1974 G5
7515 2501004 2492 2501 3.63787 0.12933 330.61257 1973 1974 G5
7677 2535004 2513 2535 7.30084 0.19358 1330.58615 1975 1977 G5
7685 2537001 2523 2537 8.14697 0.0742 345.94628 1976 1977 G5
7897 2585001 2574 2585 7.68817 0.09383 381.23891 1980 1981 G5
7931 2592004 2581 2592 7.32068 0.05692 230.00988 1981 1981 G5
7968 2601003 2595 2601 3.50532 0.07413 127.70639 1982 1982 G5
7994 2607003 2600 2607 3.79076 0.12928 304.85173 1982 1983 G5
8040 2621002 2605 2621 6.50916 0.2632 1340.80619 1983 1984 G5
8125 2642002 2626 2642 4.26522 0.11843 619.92809 1984 1986 G5
8186 2656004 2644 2656 4.10495 0.18598 684.44558 1986 1987 G5
8420 2704003 2671 2704 10.59784 0.21635 2240.8426 1988 1991 G5
8423 2705001 2697 2705 6.65504 0.07511 210.09028 1990 1991 G5
8582 2737002 2712 2737 5.9059 0.16822 1386.13071 1991 1994 G5
8631 2750005 2739 2750 3.79204 0.18127 610.68726 1994 1995 G5
8642 2753001 2743 2753 3.98196 0.07112 201.29454 1994 1995 G5
8709 2764003 2748 2764 4.79043 0.15299 783.87082 1994 1996 G5
8850 2788001 2783 2788 3.76976 0.07198 101.31398 1997 1998 G5
8921 2805007 2795 2805 6.16236 0.05977 214.53344 1998 1999 G5
8936 2810003 2802 2810 4.21788 0.17953 428.94916 1999 2000 G5
9127 2849001 2812 2849 8.34047 0.19365 2449.56465 2000 2003 G5
9200 2860005 2847 2860 5.04765 0.2115 931.80996 2003 2004 G5
9328 2885004 2868 2885 6.24207 0.185 1067.02189 2004 2006 G5
9403 2900005 2890 2900 3.71094 0.20401 705.88026 2006 2007 G5
9454 2908007 2902 2908 3.79904 0.08931 190.12211 2007 2008 G5
9589 2930006 2919 2930 3.44823 0.16936 539.40296 2009 2010 G5
9758 2967001 2949 2967 7.02697 0.22132 1339.31398 2011 2013 G5
9855 2981001 2970 2981 5.44152 0.06106 255.41516 2013 2014 G5
9921 2990004 2984 2990 3.6962 0.09854 183.20246 2014 2015 G5
9963 3003007 2992 3003 5.17435 0.28724 1042.04943 2015 2016 G5
10060 3026001 3006 3026 7.19839 0.16802 1063.46723 2016 2018 G5
10197 3058004 3028 3058 12.17657 0.35645 3570.02167 2018 2020 G5
